1	38	861	7	1247	8	9	10	1133	11	12	329	13	14	828	15	1063	16	391	17	652	332	18	19	797	333	20	21	22	23	24	25	26	27	334	28	1123	29	1064	30
2	23	1065	702	1181	60	61	1086	1187	703	987	1182	1029	1199	1030	62	415	1183	1171	32	63	64	1184	329	1157
3	4	1277	951	988	329
4	29	894	430	1067	706	1098	707	660	708	1120	73	350	1283	953	431	1248	1065	895	588	74	832	432	1086	709	589	1261	590	1163	954	75
5	3	96	329	97
6	4	1210	1172	358	329
7	22	107	108	1016	449	109	1042	1072	1003	838	1216	722	723	601	450	1	1099	953	110	602	603	359	724
8	35	349	1	83	121	361	839	456	341	457	122	1251	807	840	458	459	123	124	125	126	339	127	362	363	128	460	129	130	52	131	808	428	899	841	27	132
9	16	364	333	1	20	78	37	134	135	136	461	727	50	1266	1271	1236	728
10	35	729	666	1035	1143	1100	667	983	1126	604	1073	605	869	606	730	1043	1144	731	462	668	365	463	1145	732	958	137	1054	1151	607	1055	138	608	609	1202	669	139
11	38	41	128	123	125	124	610	339	840	361	143	925	1101	466	1	734	839	467	670	366	458	1056	460	122	52	144	130	892	428	808	22	145	362	468	132	111	828	809	146
12	20	1	959	1005	1044	1079	1108	900	611	735	960	612	469	1045	1237	810	842	811	470	1075	671
13	31	1	1018	797	107	147	1149	148	149	1248	1065	8	11	471	140	472	37	367	150	151	473	926	940	1113	98	651	363	474	475	62	34	10
14	7	736	1	892	1065	152	737	738
15	6	1248	1	598	57	368	674
16	8	1	78	176	177	460	158	161	812
17	25	391	1	1095	410	745	371	458	155	746	339	372	490	182	903	491	1065	610	814	1057	183	492	393	184	721	11
18	31	939	651	964	1255	1007	349	748	749	750	751	752	904	753	990	754	624	815	680	755	341	756	1008	1	124	610	193	843	905	41	721	839
19	26	1	78	844	194	195	1248	196	197	198	411	341	161	1065	199	200	840	625	495	201	1170	496	202	626	86	203	204
20	33	1173	140	217	1	218	458	66	887	62	333	840	503	988	219	9	220	221	610	1058	410	580	222	878	339	1096	375	376	223	929	224	55	908	1271
21	14	1	938	625	226	37	57	1271	33	1020	965	1009	377	681	378
22	35	939	10	140	1	227	458	62	840	870	1191	58	505	228	229	909	159	871	49	230	391	223	231	1080	50	339	816	232	55	506	233	410	24	379	57	863
23	11	1	507	996	380	234	966	57	508	235	759	994
24	36	509	236	839	237	1	870	410	341	339	510	28	22	511	892	1247	1018	797	1248	512	1238	86	1149	1174	140	11	393	18	8	238	161	34	37	1086	629	10	217
25	9	70	158	237	1	239	847	1247	682	1064
26	18	630	1248	1	240	1129	513	992	760	967	514	817	631	515	1271	761	516	1069	1282
27	24	155	1	517	361	518	393	36	8	1097	610	1224	411	11	18	1065	37	34	1086	519	721	848	520	1138	241
28	30	610	1	245	246	247	24	1176	892	411	803	58	381	819	248	249	158	341	524	250	148	33	1174	1170	251	525	1086	37	382	252	683
29	26	254	1	1036	634	381	255	37	86	256	257	34	772	17	739	1253	531	40	167	1047	532	1257	533	258	534	204	1219
30	30	1010	1	410	237	408	53	161	341	147	1248	797	1247	20	1018	383	1149	78	393	18	36	34	37	8	150	86	1113	11	62	35	259
31	34	651	840	853	458	237	551	839	870	50	339	824	892	803	22	238	20	78	279	1037	183	1113	207	280	51	1247	863	82	797	158	341	1174	1065	1248	140
32	36	1076	281	64	651	10	825	1256	1280	703	1168	1038	207	777	410	1155	1251	161	341	1061	972	41	1247	826	797	282	270	1112	283	108	854	1086	1149	1174	232	284	1170
33	29	285	651	286	287	1	288	289	458	361	1117	290	552	339	242	194	553	291	292	892	20	195	1065	53	1281	293	232	294	295	827
34	31	1235	856	557	300	1132	558	1186	1195	782	1168	917	302	301	1260	559	641	560	561	562	642	1160	1049	875	689	857	643	563	651	939	564	303
35	35	304	473	828	187	305	876	651	155	644	306	1122	858	193	939	307	1259	890	566	784	918	308	645	309	785	877	567	310	10	311	1140	844	786	458	840	312
36	34	646	919	647	1050	920	651	939	931	839	976	787	788	1147	361	1206	840	459	1251	458	1101	1232	1249	568	789	648	1215	932	339	859	569	580	122	803	52
37	28	285	195	939	651	147	313	839	314	218	221	315	361	391	316	458	317	870	245	1	570	318	339	1240	1267	246	1141	130	52
39	1	651
40	17	391	266	651	156	610	339	892	80	580	393	412	471	1248	36	797	8	11
41	14	11	130	1149	18	237	651	32	53	108	908	34	100	33	1170
42	3	1248	578	1203
43	4	1256	1248	1187	876
44	2	1248	797
59	2	412	67
60	1	2
61	5	761	2	427	1271	161
62	9	349	455	319	221	183	1036	361	149	1086
63	2	1157	2
64	5	1256	32	409	62	2
65	1	408
66	29	245	82	1248	797	20	803	381	207	56	1018	330	161	883	1174	625	1149	341	11	393	8	34	18	36	37	86	251	150	62	294
70	8	25	803	1069	1247	883	367	1113	504
71	25	86	101	988	391	369	242	55	410	938	223	1247	1248	341	797	883	187	1149	284	11	8	34	37	393	379	349
72	2	808	237
73	2	4	52
74	14	362	651	337	1113	344	347	471	1248	4	1220	37	478	62	86
75	1	4
76	2	245	459
77	10	580	37	249	481	1069	988	201	883	108	229
78	20	55	10	458	19	391	480	870	840	1274	215	410	53	1113	49	1036	156	125	339	1018	242
79	24	237	161	50	1247	1065	410	20	797	86	280	271	238	412	1149	1248	883	140	187	393	11	18	34	37	8
80	21	625	40	393	11	18	78	381	351	427	37	1159	86	74	294	58	206	349	160	131	136	1124
81	18	892	90	37	34	1113	396	62	1086	140	1239	474	386	1271	17	1140	950	67	35
82	28	192	939	10	391	546	66	458	263	58	840	870	339	50	580	410	55	1065	20	892	1018	280	22	62	237	238	379	158	230
83	15	8	201	156	610	203	1170	78	158	1281	37	497	33	963	1271	57
84	19	339	51	1065	1248	150	427	349	62	17	136	100	259	40	55	883	31	205	33	280
85	7	1248	62	100	90	66	101	882
86	21	939	313	71	255	839	546	1	263	265	458	1267	870	840	471	330	52	51	124	294	339	207
87	31	219	55	162	391	101	410	58	161	341	237	246	1248	206	154	1018	1113	381	797	1149	35	22	1065	1170	393	11	8	36	18	1086	40	269
88	0
89	7	10	35	1113	62	90	391	208
90	13	140	847	224	248	367	81	251	11	34	57	349	160	82
91	7	101	481	369	808	1069	1266	1157
92	2	624	390
93	1	390
94	2	405	877
95	0
96	2	5	1271
97	1	5
98	0
99	6	1248	86	154	188	1124	55
100	31	49	840	242	870	458	237	339	50	410	53	238	1065	892	20	468	183	1247	232	797	411	273	22	1174	625	341	412	1248	187	803	355	78
101	30	10	839	237	458	71	87	840	870	339	50	22	892	1065	20	158	412	280	1113	82	863	797	1247	341	147	1174	238	803	883	1248	78
102	6	236	1159	988	33	703	808
103	1	883
104	3	988	369	1069
105	6	140	34	62	415	90	1184
106	8	1271	369	101	90	661	237	388	380
107	10	372	245	35	408	330	1248	610	412	13	962
108	25	7	10	410	1	1241	161	412	242	20	41	53	32	1248	1149	1170	393	11	8	472	36	18	1268	34	37	519
110	2	689	7
111	12	194	359	548	11	128	191	8	603	724	36	1248	412
112	0
113	1	1247
114	1	1247
115	1	1247
116	1	1247
117	2	1247	86
137	0
138	1	156
139	1	10
140	23	90	410	22	20	892	580	803	870	339	237	391	284	62	58	321	161	318	1133	325	258	131	207	173
141	5	158	1170	66	1133	809
142	7	610	455	1248	437	37	1271	369
144	15	18	264	248	11	8	546	326	207	341	148	1065	1248	238	293	839
145	1	11
146	18	18	11	8	1248	598	265	1069	62	427	154	362	497	396	66	32	1271	230	481
147	24	257	1113	37	155	216	201	206	203	1149	432	388	264	294	30	191	232	828	183	13	885	18	101	412	34
148	17	314	34	428	11	223	8	57	412	13	18	154	237	803	393	33	294	144
149	10	1173	62	546	207	13	154	98	384	940	36
150	1	471
151	1	13
152	7	162	610	359	194	1099	1247	14
153	3	828	610	708
154	10	939	274	10	572	43	205	828	193	546	237
155	3	35	27	740
156	11	138	877	776	40	53	828	250	83	330	197	1248
157	1	828
158	29	939	10	25	391	480	289	908	458	870	238	167	242	840	129	1	232	246	230	223	339	50	580	1267	292	327	1069	828	55	251
159	5	251	22	248	194	828
160	18	828	411	598	1248	140	57	90	988	55	62	257	35	154	11	1170	349	80	33
161	15	939	10	839	361	66	167	215	458	1124	610	232	294	79	51	223
162	3	152	223	87
163	0
164	0
165	0
166	9	34	415	1170	391	259	35	100	1271	988
167	21	158	161	251	341	1018	1248	797	53	411	803	36	18	8	37	11	34	349	1247	62	844	870
168	3	938	283	908
169	2	383	79
181	1	391
182	1	17
186	3	652	185	310
187	5	35	458	840	410	49
188	8	652	99	259	55	31	497	988	223
189	10	187	50	1266	1281	652	481	845	988	747	941
190	7	1268	226	652	79	90	988	142
191	10	142	268	471	332	147	500	242	1159	412	111
192	1	332
193	0
194	0
195	3	19	1267	33
196	6	287	408	246	19	1248	1065
197	3	156	803	19
198	1	19
199	2	840	19
200	1	19
201	17	147	83	341	987	1064	1248	883	221	187	393	248	8	18	19	11	37	367
202	11	840	625	187	19	37	11	86	62	33	100	1149
203	17	518	814	83	840	147	20	1065	207	1248	381	412	33	430	22	19	37	269
204	9	840	361	248	19	1113	37	427	51	29
205	14	797	572	154	610	803	82	273	34	62	430	226	161	230	361
206	23	1247	147	393	797	339	161	1248	892	87	18	183	22	411	11	803	8	158	1113	37	86	134	80	136
207	20	391	32	410	66	1251	797	1247	35	18	86	408	242	803	232	1248	20	223	8	140	393
208	1	1251
209	2	797	1138
210	7	333	20	51	100	90	267	1170
211	1	333
212	1	333
213	3	333	79	1271
214	1	333
215	8	177	161	78	266	1218	100	459	333
216	10	147	803	37	131	1267	883	51	1170	280	33
217	9	20	24	1200	391	167	1159	347	30	1069
218	20	37	20	1248	62	739	230	11	24	13	878	1271	1170	161	1069	369	481	885	237	410	1094
219	7	87	20	1170	86	280	122	234
220	1	20
221	9	62	37	20	155	471	201	111	33	1069
222	4	20	409	953	519
223	29	162	1203	458	827	870	237	580	892	339	158	20	50	161	22	207	491	71	412	1065	1248	883	255	238	341	148	797	1247	8	35
224	9	90	20	410	1134	62	10	330	100	33
225	2	54	610
226	11	546	882	1248	140	580	21	257	1147	1094	34	134
227	3	22	111	259
228	1	22
229	19	22	927	1248	1065	40	35	625	388	161	1003	62	154	129	17	33	988	882	131	497
230	31	1065	50	625	238	22	158	892	1113	82	863	797	412	381	1174	20	845	1248	883	140	472	427	8	232	37	1018	34	393	1149	11	379	18
231	1	22
235	0
236	7	24	703	808	953	991	1159	102
237	30	939	31	313	140	58	908	341	839	25	24	41	223	79	57	100	257	154	30	1086	251	101	1113	1036	458	245	129	840	870	1	1251
238	24	458	158	580	50	339	870	230	55	803	22	100	410	31	20	892	1065	613	257	379	183	863	82	1247	797
239	4	694	25	847	1064
240	3	26	74	884
241	2	17	27
242	18	266	334	100	158	760	18	71	86	78	33	237	161	154	207	53	273	1248	108
243	1	334
244	4	1081	910	763	334
264	5	144	147	1247	598	22
265	3	86	146	132
266	4	40	242	905	459
282	3	32	1065	912
283	10	270	32	187	1113	277	330	161	24	158	168
284	6	140	1248	1	32	71	108
285	0
286	3	33	1113	988
287	9	196	858	312	33	53	34	37	13	1271
288	1	33
289	4	1059	251	158	33
290	2	33	651
291	2	33	251
292	20	251	131	339	158	33	183	411	803	268	18	100	812	1170	1159	500	272	161	280	460	598
293	4	1271	938	33	144
294	31	1	161	248	86	52	147	55	1018	33	797	183	412	1248	882	883	1149	341	148	1170	11	393	8	18	36	34	140	839	37	232	1231	80
295	6	33	351	78	19	8	62
296	2	1065	1086
297	4	1065	246	37	35
298	2	518	1065
299	1	1065
300	0
301	0
302	0
308	3	35	877	391
309	2	35	877
310	4	567	35	10	420
311	0
312	7	193	10	287	1248	769	35	408
313	7	86	10	237	37	1	1115	251
314	6	37	148	471	17	122	376
315	5	37	1248	703	1170	125
316	5	37	255	808	128	154
317	8	37	885	257	58	480	13	908	154
318	6	37	803	140	207	33	1170
328	1	38
329	16	1	651	1248	1187	891	2	330	3	4	1157	390	691	5	993	331	6
330	27	581	582	416	1196	65	583	584	417	585	418	419	831	420	421	865	658	422	659	423	66	586	866	587	424	425	937	704
331	17	1001	1041	599	982	720	1262	1268	1002	1071	448	721	703	995	356	600	357	1276
332	10	1	623	191	1006	37	125	493	494	192	1170
333	23	210	1211	1091	9	1	211	499	212	20	213	1231	374	1115	78	177	214	500	628	907	1218	215	1121	846
334	29	430	521	632	910	242	1	1243	762	243	763	1081	633	911	912	522	244	913	818	1059	523	764	914	765	968	1234	1165	766	969	767
336	2	651	693
337	2	651	74
342	4	1248	1065	11	1184
343	0
348	5	369	37	1069	761	33
349	15	8	925	18	1248	1018	62	839	10	480	22	412	568	410	341	797
350	1	4
351	18	232	295	267	82	78	80	427	37	86	87	124	257	456	206	33	204	1170	234
352	1	1157
353	2	546	390
354	6	1094	330	90	885	999	24
355	6	614	1248	412	18	100	106
356	3	57	331	1276
357	1	331
358	2	1248	6
359	5	7	10	152	1016	1
360	0
365	3	958	1065	1248
366	1	11
367	14	221	1247	1065	828	70	34	90	37	1162	237	13	1069	201	1271
368	2	15	674
369	29	892	71	161	50	412	20	379	863	1247	1065	410	797	280	341	1248	845	393	11	1149	348	34	37	8	57	828	55	18	1018	349
370	6	391	1130	938	1248	415	610
371	2	386	17
372	0
373	5	1094	652	204	941	747
374	3	333	987	878
375	1	20
376	10	20	349	34	57	154	1242	272	878	410	101
377	8	10	67	803	37	108	4	263	21
378	1	21
387	4	1180	1065	409	1268
390	19	835	353	867	1268	438	836	1052	439	92	1053	837	591	592	440	661	1114	93	923	441
391	36	178	484	485	610	615	616	179	651	939	180	1190	676	741	40	617	618	677	619	742	620	486	487	743	621	813	488	678	370	679	744	1094	902	622	69	489	181
392	19	850	261	262	773	537	538	685	539	942	540	541	542	543	888	943	851	686	872	1214
393	35	852	939	651	839	1269	361	267	428	1103	122	916	268	128	269	1251	840	130	132	472	828	131	270	458	471	1116	134	129	271	206	272	1086	183	27	384	273
394	4	138	651	610	1248
395	3	610	651	399
396	11	651	140	207	381	81	1034	90	146	1140	1271	1159
397	1	1248
398	1	1248
412	13	939	263	257	863	839	905	415	458	129	840	430	408	52
413	2	891	1093
414	2	891	1093
415	0
416	1	330
417	2	330	583
418	1	330
420	2	330	310
421	2	610	330
422	4	408	330	610	585
423	2	578	405
424	2	1248	330
425	2	1161	330
427	19	58	1149	8	18	269	878	11	80	31	325	230	393	35	351	34	37	277	161	61
428	16	245	393	572	1248	312	34	148	36	471	11	18	8	349	474	391	760
429	2	161	1170
430	3	334	4	882
431	1	4
432	5	319	147	1113	1273	4
433	0
434	1	1134
435	1	700
436	1	691
437	2	142	1157
438	2	1134	390
439	0
440	1	390
441	3	1020	390	663
442	0
443	1	610
444	1	1275
445	2	1161	593
446	0
447	1	691
448	2	610	659
450	3	7	1016	194
451	0
452	0
453	1	1247
454	1	1247
462	0
463	0
464	3	408	610	1203
465	4	62	1133	1152	1250
467	1	11
468	4	11	100	455	33
469	0
470	1	12
471	8	314	610	150	393	86	381	191	18
472	11	393	18	567	610	11	8	797	1247	238	1248	1170
473	2	34	13
474	5	428	13	379	132	81
475	1	580
476	1	828
477	2	828	478
478	2	1130	477
479	0
480	27	349	892	158	78	553	20	883	1018	1174	1149	341	1248	280	1247	1065	161	11	393	36	18	37	797	8	86	34	62	136
481	8	391	1218	66	393	55	427	100	480
482	6	280	1271	154	1159	90	388
486	1	391
487	1	391
488	1	391
489	2	610	391
490	1	1059
491	5	610	223	17	128	154
493	1	1203
494	3	598	332	1159
495	3	273	840	399
496	1	1248
497	12	391	410	797	1018	1248	415	393	11	18	36	8	273
498	4	797	69	1138	938
499	3	815	333	67
500	7	408	1248	191	275	276	280	292
501	2	175	62
502	2	1018	430
503	1	20
504	4	58	347	67	70
505	2	22	938
508	2	23	994
509	1	24
510	1	24
511	2	708	938
512	1	24
513	1	26
514	1	26
515	2	631	26
516	0
517	3	415	877	776
518	2	69	731
519	1	1173
520	2	306	27
521	1	334
522	3	1245	632	1130
523	2	408	913
547	2	1248	610
551	3	31	877	361
552	6	10	610	33	1268	1200	1170
553	7	55	1159	803	480	33	1065	51
554	1	1065
555	1	1065
556	1	1065
557	2	962	1134
558	0
559	0
560	0
566	1	1203
567	6	844	985	310	35	10	1203
568	0
569	4	1232	568	36	573
570	3	1248	623	37
575	2	953	38
581	1	330
582	1	330
583	2	831	330
584	1	330
585	2	801	65
586	3	610	330	866
587	1	330
588	1	4
589	3	1134	1261	4
590	0
591	1	1248
592	1	390
593	0
594	1	610
595	1	714
596	2	416	384
597	1	691
598	3	179	494	1137
599	2	331	1268
600	3	1010	17	331
602	3	7	708	980
603	5	7	953	111	724	1128
604	0
605	1	1073
606	0
607	1	10
608	1	10
609	1	10
611	2	408	12
612	1	12
613	5	828	339	238	797	258
614	1	355
617	3	391	1134	626
618	1	391
619	1	391
620	2	391	1203
621	1	391
622	2	391	1134
623	0
624	4	1130	18	92	1065
625	0
626	2	1203	19
627	1	797
628	3	78	500	333
629	1	24
630	2	817	26
631	4	515	26	967	992
632	1	911
633	2	849	334
636	1	1065
637	1	1065
638	1	1065
639	1	1065
640	2	1065	1073
641	0
645	2	35	877
646	3	36	919	787
647	4	36	976	787	648
648	1	829
649	1	38
650	1	610
651	40	1213	392	692	391	18	393	1170	31	32	33	1065	34	35	36	37	1113	576	38	693	985	798	394	39	395	336	799	944	1136	997	10	1207	653	945	1228	40	337	41	329	878	396
652	29	185	1019	186	1	1065	1170	1134	187	8	1230	62	66	188	808	50	1149	1242	100	1271	410	963	481	747	928	373	189	941	24	190
653	3	651	395	866
658	1	330
659	4	430	330	281	610
660	1	4
661	3	1248	824	438
662	1	1278
663	2	610	416
664	2	1248	1276
665	1	993
667	2	51	384
668	0
669	2	10	567
670	0
671	2	1079	12
672	2	828	1021
673	1	34
674	5	742	306	15	1271	368
675	0
676	1	391
677	1	391
678	1	391
679	1	391
680	4	18	807	1251	610
681	0
682	2	25	395
688	2	1065	610
691	9	1040	446	716	717	597	447	718	436	329
692	12	774	544	1130	1048	635	1146	1111	873	1265	971	775	545
694	3	1248	1203	239
700	2	435	896
701	0
702	4	1225	1248	2	409
703	7	236	32	2	987	1268	702	315
706	1	4
707	2	4	1268
708	2	978	1130
709	4	409	4	1268	1275
710	1	915
711	0
712	2	1084	1216
713	0
714	2	384	980
715	0
716	1	691
717	2	408	1270
718	1	691
719	0
720	2	331	1200
721	3	780	455	18
724	6	7	1241	458	978	518	408
725	1	1247
730	1	1026
731	1	518
732	0
733	1	1133
735	0
736	1	14
737	3	1268	1276	14
738	1	14
739	10	598	1248	29	218	35	11	1159	481	369	740
740	3	155	1248	339
741	1	391
742	1	391
743	1	391
744	1	391
745	2	610	17
746	1	17
747	6	652	988	928	189	941	373
748	1	18
749	0
750	2	1248	18
751	1	18
752	2	18	1241
753	1	18
754	4	778	1130	18	708
755	1	18
756	1	18
757	1	797
758	6	876	49	518	797	458	927
759	1	23
760	4	1130	579	242	1095
761	12	61	340	18	34	950	206	1184	26	362	67	90	908
762	3	938	632	910
763	2	910	408
764	1	334
765	2	1155	334
766	0
776	4	517	250	156	807
777	3	32	987	1184
778	1	1058
779	1	1065
780	2	1065	721
781	2	1065	610
782	0
784	2	35	877
785	1	35
786	3	610	408	35
787	3	647	919	36
788	1	920
789	1	36
796	0
797	30	44	939	205	627	757	1	839	129	758	906	66	840	58	497	206	207	13	845	339	134	580	498	50	1232	183	208	53	458	52	209
798	1	651
799	4	544	651	610	938
804	5	37	1271	1069	32	57
805	2	993	665
809	12	251	408	610	11	1248	409	1065	20	78	625	828	238
810	0
811	0
813	1	391
814	4	203	17	1065	1274
815	4	1159	499	18	324
817	3	630	26	967
818	1	334
823	1	408
825	1	32
826	3	32	1134	1170
827	3	223	988	598
828	32	153	1087	672	613	408	1	476	154	155	156	157	393	610	158	989	159	8	11	147	409	1248	477	160	961	367	161	885	478	962	809	18	673
832	1	4
833	0
834	0
835	2	390	372
836	2	1248	411
837	2	591	390
842	0
843	1	18
844	11	567	19	35	140	37	62	167	1134	1139	878	90
845	9	458	797	1018	369	230	1170	18	393	36
846	3	877	610	708
847	5	25	90	1248	1064	239
848	1	27
854	4	1225	409	32	1112
855	1	1065
856	0
859	1	610
861	2	1	1128
864	0
865	1	330
866	4	610	423	330	1134
867	0
868	0
869	2	1173	1248
870	24	840	939	31	10	140	58	24	803	223	53	1242	391	379	100	50	908	78	580	158	1086	251	1036	1174	892
871	1	11
874	2	1065	610
877	0
878	12	651	1248	20	374	1065	427	11	90	844	218	481	376
881	4	37	226	223	882
882	12	430	1173	55	10	839	391	610	226	52	341	580	408
883	28	458	10	839	50	52	580	892	339	22	410	1065	20	480	62	797	1247	863	1113	223	1266	187	71	57	238	66	158	1242	294
884	7	185	37	1170	519	1162	257	1274
885	21	1	20	34	18	147	11	393	8	36	324	37	472	828	111	1036	317	62	140	884	1266	67
886	5	427	1070	459	101	1271
887	2	20	232
889	1	1065
890	3	35	877	938
891	7	413	1093	993	949	414	1157	329
893	0
894	3	4	1203	657
895	1	4
896	3	1261	700	1157
897	1	981
900	0
902	1	391
903	1	458
904	1	18
905	10	1010	18	803	871	266	412	339	1203	268	1248
906	3	1130	797	938
907	10	275	276	8	812	271	125	333	500	54	1121
908	33	458	391	237	408	49	870	158	339	892	161	379	20	1018	1247	1248	797	412	1149	341	1174	393	269	35	82	37	36	11	8	18	22	41	349	62
909	1	22
910	3	632	408	334
911	2	632	910
912	0
913	4	523	910	408	1165
914	1	334
917	1	568
918	3	35	877	1261
919	4	36	976	646	1215
920	4	1232	36	788	644
922	1	1009
923	2	90	390
924	0
926	3	1248	13	950
928	2	652	747
929	5	273	20	51	10	481
930	2	1130	1065
931	0
932	0
934	3	408	1092	38
935	2	38	1198
937	2	330	610
938	0
939	27	82	391	257	18	393	55	1170	22	1113	412	50	580	237	86	1174	37	1247	892	1018	34	36	154	158	341	1059	35	870
940	12	86	98	207	580	255	149	13	472	1170	154	100	280
941	5	62	1088	652	135	1070
944	2	610	651
945	3	610	651	1248
949	1	891
951	1	3
952	1	135
953	3	958	946	7
954	1	4
955	1	735
956	0
957	1	993
958	3	953	655	1144
959	1	12
960	4	1079	1044	1108	12
961	1	828
962	2	1130	877
963	6	610	34	1134	1242	361	1266
964	1	18
965	1	21
967	1	1129
968	6	910	1081	763	912	911	522
969	2	408	334
972	2	409	32
973	1	1065
974	2	610	1065
975	3	1065	519	1134
976	3	919	647	36
978	0
979	1	384
980	2	1059	610
981	3	1251	1059	721
982	2	384	331
983	0
987	5	950	408	610	1141	1225
988	6	20	52	71	827	50	1242
989	2	1059	828
990	6	18	1248	187	167	161	80
991	2	236	1053
992	3	26	631	967
993	8	1000	1107	891	805	957	665	1188	329
994	3	1059	508	23
995	1	721
997	1	651
998	2	1272	391
999	1	354
1000	1	993
1001	3	871	331	18
1002	1	331
1004	0
1005	0
1006	1	332
1007	2	18	1065
1008	2	18	1270
1009	0
1011	1	1065
1012	1	1065
1013	2	1065	1059
1014	1	1065
1015	1	1065
1017	1	1244
1018	20	839	939	349	66	1251	840	458	870	651	497	13	1086	1140	339	78	580	49	208	167	10
1019	1	652
1020	1	846
1021	0
1022	1	1065
1029	2	1268	2
1030	1	2
1031	0
1032	1	1247
1038	5	1168	1173	32	35	953
1039	0
1040	1	691
1041	2	331	1108
1043	0
1044	5	1108	1075	1079	12	960
1045	1	12
1050	1	36
1052	1	390
1053	2	17	991
1054	0
1055	1	10
1056	2	11	55
1057	1	593
1058	1	778
1059	2	1130	1058
1061	5	1241	1026	1268	32	1219
1062	2	1065	1059
1063	9	1	1084	901	359	170	171	1200	1127	1177
1064	14	841	1	847	1247	1279	25	1274	176	239	201	1272	158	237	1069
1065	41	1062	554	636	651	778	1130	779	296	688	973	297	1011	1012	780	298	1156	299	637	1077	1131	889	855	930	874	638	387	839	1013	1208	1014	639	1022	974	555	1201	556	624	975	1015	781	640
1067	1	4
1068	0
1069	13	70	1113	158	34	37	367	62	146	1247	393	35	863	1149
1070	4	886	941	380	58
1071	1	331
1073	5	408	807	610	605	415
1074	8	1059	272	33	988	30	1133	883	1009
1075	3	1108	1044	12
1077	1	1065
1079	4	1044	960	671	12
1080	1	22
1081	1	632
1086	19	296	391	237	62	870	840	410	321	1018	1247	393	161	22	892	242	191	183	32	1181
1087	1	828
1088	2	1224	1268
1090	0
1091	1	1218
1092	3	978	934	38
1093	3	891	413	414
1094	1	652
1095	2	17	760
1096	4	20	1159	1271	988
1097	1	27
1098	2	1248	4
1099	1	7
1100	2	1065	37
1102	2	1268	1220
1106	3	708	1270	237
1107	2	1155	1241
1108	5	1041	1075	1044	12	960
1112	2	32	854
1113	39	22	892	147	651	939	10	319	286	237	320	571	458	78	321	339	388	410	1069	412	1271	322	20	391	1174	1018	1273	1239	1149	1247	18	31	393	797	37	883	55	33	161	257
1114	1	390
1115	4	245	333	313	78
1117	7	33	234	1170	367	459	1159	161
1120	1	4
1121	6	1218	500	907	333	1103	460
1123	26	1046	1217	768	1089	1	526	769	527	770	528	820	771	1082	253	529	1169	970	849	1194	530	1233	1167	684	1109	915	1189
1124	24	391	341	339	161	1248	1247	1018	797	183	803	11	393	625	78	8	36	34	839	37	349	18	379	580	237
1125	1	1247
1126	0
1128	4	1	861	1241	1058
1129	2	26	967
1131	1	1065
1132	0
1133	18	1	140	37	884	51	1271	1193	1175	141	464	1094	142	33	1074	733	1250	465	1152
1134	0
1136	1	651
1137	2	1247	598
1139	5	1069	988	844	230	90
1140	18	35	391	330	1018	797	1065	1248	393	36	11	238	8	18	37	62	81	1149	230
1141	4	987	37	1065	1224
1142	0
1144	1	958
1145	0
1147	2	36	226
1148	5	1275	1248	1276	108	1069
1149	24	52	458	840	41	408	870	147	50	339	871	251	892	803	1065	20	22	480	1113	863	410	797	1247	57	13
1150	1	1247
1151	1	10
1152	4	651	55	1133	465
1154	0
1155	2	946	10
1156	1	1065
1157	12	352	1263	891	63	2	1069	1158	90	896	437	91	329
1158	2	1069	1157
1159	8	572	10	268	939	840	361	1096	339
1161	0
1162	7	37	367	580	1018	884	361	1266
1163	3	1268	1134	4
1164	3	1247	1248	1242
1165	4	910	913	408	1081
1166	1	54
1168	11	34	1038	32	1225	1268	987	409	729	1187	1026	880
1170	31	939	651	839	548	183	458	840	361	52	339	22	274	824	892	20	1065	549	275	385	134	276	1185	550	383	219	386	411	687	341	277	148
1171	4	408	1248	2	90
1172	1	6
1173	3	149	1242	1268
1174	30	939	391	458	62	840	870	339	50	129	55	803	410	1065	22	892	20	480	10	379	1113	863	1018	1247	411	797	100	883	58	280	230
1175	4	1230	1133	613	1193
1181	4	1026	987	2	1086
1182	2	2	1187
1183	2	1248	2
1184	6	2	761	393	342	777	90
1186	0
1187	33	1178	1104	43	407	1025	1179	657	697	408	879	880	986	698	1180	1066	47	1241	1225	1026	338	699	1119	1248	1027	1028	830	329	1229	1085	948	802	1105	409
1188	2	1107	993
1190	2	391	1018
1191	2	22	615
1192	1	1247
1193	3	1241	1133	1175
1195	0
1196	1	330
1198	3	978	935	38
1199	2	2	703
1201	1	1065
1202	1	1259
1204	0
1206	2	36	1232
1207	2	651	1228
1208	1	1065
1209	1	1248
1210	1	6
1211	2	333	1231
1212	1	38
1213	11	651	1118	821	1227	1110	822	535	1060	260	536	1226
1215	5	919	1101	976	36	787
1218	6	1091	275	158	367	34	271
1220	6	1239	1113	74	1102	1271	410
1221	1	38
1222	4	37	90	369	33
1224	0
1228	2	651	693
1230	3	1155	953	409
1231	7	1211	333	1065	37	294	280	144
1232	1	920
1234	2	523	334
1235	0
1237	2	566	1059
1238	1	24
1240	2	37	1248
1242	15	1173	10	458	870	391	1203	776	518	408	339	1059	1225	892	22	20
1243	1	334
1245	4	1248	522	408	610
1246	1	37
1247	34	451	452	1004	112	924	360	1031	113	939	1164	1150	725	1258	114	1017	1	453	1137	115	1192	1125	10	1032	454	116	117	119	120	1033	806	726	1034	455	898
1248	31	694	42	397	43	1209	398	44	1245	399	654	577	946	400	401	402	800	45	655	578	403	695	947	656	696	829	579	801	404	405	406	46
1249	2	1232	36
1250	3	1133	465	1152
1252	2	898	415
1255	2	1248	18
1256	5	10	32	729	409	1225
1258	0
1260	1	1219
1261	0
1263	2	1272	1157
1267	10	86	158	37	195	33	216	1069	1170	169	459
1268	4	579	1173	1130	408
1270	0
1275	0
1276	0
1277	1	3
1278	1	662
1280	1	32
1281	8	33	83	1086	37	232	86	189	481
1282	1	26
1283	1	4
